 READ_RUNOFF VIA BMI
    ADPSTP: NT=  51  86400.00   1697.43   1694.12
2000/01/02_00:28     1       0.898       0.897       0.909         0.639       0.270         0.084       0.085   0.149E-15       0.812
2000/01/02_00:56     2       0.909       0.909       0.921         0.648       0.273         0.021       0.021  -0.242E-15       0.810
2000/01/02_01:24     3       0.921       0.921       0.933         0.656       0.276         0.053       0.054   0.447E-16       0.812
2000/01/02_01:52     4       0.933       0.932       0.944         0.666       0.278         0.023       0.023  -0.745E-17       0.809
2000/01/02_02:21     5       0.944       0.943       0.955         0.673       0.283         0.043       0.044   0.745E-16       0.810
2000/01/02_02:49     6       0.955       0.955       0.967         0.683       0.284         0.025       0.025  -0.447E-16       0.806
2000/01/02_03:17     7       0.967       0.966       0.978         0.690       0.289         0.039       0.039   0.745E-17       0.805
2000/01/02_03:45     8       0.978       0.978       0.990         0.699       0.291         0.026       0.027   0.224E-16       0.801
2000/01/02_04:14     9       0.990       0.989       1.002         0.706       0.295         0.037       0.037   0.104E-15       0.800
2000/01/02_04:42    10       1.002       1.001       1.013         0.716       0.297         0.027       0.028   0.231E-15       0.796
2000/01/02_05:10    11       1.013       1.013       1.025         0.723       0.302         0.035       0.036   0.745E-17       0.795
2000/01/02_05:38    12       1.025       1.024       1.036         0.732       0.304         0.028       0.028   0.298E-16       0.791
2000/01/02_06:07    13       1.036       1.036       1.048         0.739       0.309         0.035       0.035   0.596E-16       0.790
2000/01/02_06:35    14       1.048       1.048       1.060         0.748       0.311         0.029       0.029  -0.149E-15       0.787
2000/01/02_07:03    15       1.060       1.059       1.071         0.756       0.316         0.035       0.035   0.969E-16       0.786
2000/01/02_07:31    16       1.071       1.071       1.083         0.764       0.319         0.030       0.030  -0.104E-15       0.784
2000/01/02_08:00    17       1.083       1.083       1.095         0.772       0.323         0.035       0.035  -0.112E-15       0.784
2000/01/02_08:28    18       1.095       1.094       1.106         0.780       0.326         0.030       0.031  -0.197E-15       0.783
2000/01/02_08:56    19       1.106       1.106       1.118         0.788       0.331         0.035       0.035   0.820E-16       0.784
2000/01/02_09:24    20       1.118       1.118       1.130         0.796       0.334         0.031       0.031   0.324E-15       0.787
2000/01/02_09:52    21       1.130       1.130       1.142         0.803       0.339         0.035       0.035  -0.305E-15       0.793
2000/01/02_10:21    22       1.142       1.142       1.154         0.812       0.342         0.032       0.032  -0.186E-16       0.798
2000/01/02_10:49    23       1.154       1.153       1.166         0.819       0.347         0.035       0.036  -0.179E-15       0.805
2000/01/02_11:17    24       1.166       1.165       1.177         0.827       0.350         0.033       0.033  -0.186E-15       0.812
2000/01/02_11:45    25       1.177       1.177       1.189         0.834       0.355         0.036       0.036  -0.179E-15       0.821
2000/01/02_12:14    26       1.189       1.189       1.201         0.842       0.359         0.034       0.034  -0.186E-15       0.828
2000/01/02_12:42    27       1.201       1.201       1.213         0.849       0.364         0.037       0.037   0.156E-15       0.837
2000/01/02_13:10    28       1.213       1.212       1.225         0.857       0.367         0.035       0.035   0.432E-15       0.845
2000/01/02_13:38    29       1.225       1.224       1.236         0.864       0.372         0.037       0.037  -0.522E-16       0.854
2000/01/02_14:07    30       1.236       1.236       1.248         0.872       0.376         0.035       0.036   0.969E-16       0.861
2000/01/02_14:35    31       1.248       1.248       1.260         0.879       0.381         0.038       0.038   0.142E-15       0.869
2000/01/02_15:03    32       1.260       1.259       1.271         0.886       0.385         0.036       0.037   0.104E-15       0.876
2000/01/02_15:31    33       1.271       1.271       1.283         0.893       0.390         0.038       0.039   0.596E-16       0.884
2000/01/02_16:00    34       1.283       1.283       1.295         0.901       0.394         0.037       0.037   0.820E-16       0.891
2000/01/02_16:28    35       1.295       1.294       1.306         0.908       0.399         0.039       0.039  -0.373E-15       0.899
2000/01/02_16:56    36       1.306       1.306       1.318         0.915       0.403         0.038       0.038  -0.209E-15       0.905
2000/01/02_17:24    37       1.318       1.317       1.329         0.922       0.408         0.040       0.040  -0.112E-15       0.914
2000/01/02_17:52    38       1.329       1.329       1.341         0.929       0.412         0.039       0.039   0.507E-15       0.922
2000/01/02_18:21    39       1.341       1.340       1.353         0.936       0.417         0.040       0.041  -0.425E-15       0.930
2000/01/02_18:49    40       1.353       1.352       1.364         0.943       0.421         0.039       0.040   0.179E-15       0.939
2000/01/02_19:17    41       1.364       1.363       1.376         0.949       0.426         0.041       0.042  -0.127E-15       0.952
2000/01/02_19:45    42       1.376       1.375       1.387         0.956       0.431         0.040       0.041  -0.149E-16       0.963
2000/01/02_20:14    43       1.387       1.386       1.398         0.962       0.436         0.042       0.042   0.298E-16       0.976
2000/01/02_20:42    44       1.398       1.398       1.410         0.968       0.441         0.041       0.042   0.305E-15       0.992
2000/01/02_21:10    45       1.410       1.409       1.421         0.974       0.447         0.042       0.043   0.387E-15       1.007
2000/01/02_21:38    46       1.421       1.421       1.433         0.980       0.452         0.042       0.042   0.149E-16       1.021
2000/01/02_22:07    47       1.433       1.432       1.444         0.986       0.458         0.043       0.044  -0.127E-15       1.035
2000/01/02_22:35    48       1.444       1.443       1.455         0.992       0.463         0.042       0.043  -0.745E-16       1.047
2000/01/02_23:03    49       1.455       1.455       1.467         0.998       0.469         0.044       0.044  -0.969E-16       1.060
2000/01/02_23:31    50       1.467       1.466       1.478         1.003       0.475         0.043       0.044   0.231E-15       1.072
2000/01/03_00:00    51       1.478       1.477       1.489         1.009       0.481         0.044       0.045    0.00           1.084
 CONTROL OUT WRITE          51           2
TIME:  2000  1  3    0         2   0.27   5.66 sec
