         1     1     1   187    41     355.129
         2     1     1   187    41     724.011
         3     1     1   187    41     615.047
         4     1     1   187    41     627.840
         1     2     1   187    41     442.921
         2     2     1   187    41      55.224
         3     2     1   187    41     922.860
         4     2     1   187    41     234.587
         1     3     1   187    41     372.716
         2     3     1   187    41     441.368
         3     3     1   187    41     990.232
         4     3     1   187    41     629.622
         1     4     1   187    41     584.845
         2     4     1   187    41     426.294
         3     4     1   187    41     285.576
         4     4     1   187    41     182.963
